# wave_Ang	data_1	data_2	data_mean	data_err_mean	model
10829.027700000001	0.045833911475	0.036452794211	-0.006339032842	0.209804955372	0.000193558558
10829.085499999999	0.044739926826	0.079035167944	-0.008565300696	0.209826803783	0.000210464575
10829.143400000001	-0.033048233687	-0.096303164981	-0.168555670491	0.210010233094	0.000227043471
10829.201200000000	-0.039554500303	0.004387086131	-0.070905015076	0.210003399084	0.000244894841
10829.259000000000	0.016534301886	0.078727229965	-0.013467100496	0.210058883742	0.000267033328
10829.316800000001	-0.003215104985	0.072298421936	-0.024191369498	0.210226748916	0.000294479121
10829.374599999999	-0.101159962774	0.029054737248	-0.058682056888	0.210397418468	0.000325104279
10829.432400000000	-0.265441246940	-0.150472218294	-0.310832910100	0.210806401951	0.000356197207
10829.490200000000	-0.200922820898	0.054117945130	-0.233068506802	0.210937116893	0.000389375288
10829.547900000000	0.050819794619	-0.063773990705	-0.137184237687	0.211080155700	0.000431259210
10829.605700000000	0.314200063135	-0.053549340031	0.134912836265	0.211106879029	0.000487772332
10829.663500000001	0.212396196858	0.077196845151	0.120221925023	0.211215925403	0.000559121175
10829.721299999999	0.114338474970	0.236156264575	0.174570809145	0.211201499969	0.000641865580
10829.779000000000	0.258469351124	-0.060867303806	0.033288687345	0.211712796985	0.000732020232
10829.836799999999	0.445588266217	0.012783799935	0.093532542444	0.212343653531	0.000825805174
10829.894500000000	0.366485307315	-0.142783458380	-0.004490213349	0.212952824551	0.000915315075
10829.952200000000	0.136883859498	-0.113532143824	-0.007375048771	0.213422419634	0.000990860047
10830.010000000000	0.060909075806	-0.116866797734	0.003212570601	0.214190113081	0.001049166425
10830.067700000000	0.163000982004	0.130423986371	0.147797674591	0.214876087096	0.001097825234
10830.125400000001	0.159579111159	-0.074884948439	-0.038318540649	0.215885998898	0.001149884483
10830.183100000000	0.068151859022	-0.118919029896	-0.109976058145	0.217001352725	0.001219944640
10830.240900000001	0.091243903554	-0.109357109172	-0.074488370668	0.218207962174	0.001317727596
10830.298600000000	0.181964090935	-0.297285542828	-0.099085749711	0.219492910877	0.001436783474
10830.356299999999	0.168305252447	-0.280056254414	-0.092996011759	0.220807535954	0.001560431575
10830.414000000001	0.236330760079	-0.150818836369	-0.021264477703	0.222190986463	0.001682491543
10830.471600000001	0.217664583231	-0.208029841207	-0.024625284087	0.223771454874	0.001818997746
10830.529300000000	0.049750906514	-0.284315292465	-0.199881641660	0.225687436641	0.001993713833
10830.587000000000	-0.045463604761	-0.278634966567	-0.204611043283	0.227755922441	0.002213239929
10830.644700000001	0.112431135653	-0.128281035050	0.001121557232	0.229052392714	0.002468441252
10830.702300000001	0.003131415453	0.003617849892	-0.077889944087	0.224902738762	0.002762508209
10830.760000000000	-0.303464153558	0.189425666566	0.020023137884	0.220060168628	0.003137566161
10830.817600000000	-0.412911757900	0.069002650660	0.063398931971	0.218628364706	0.003663634359
10830.875300000000	-0.687582827817	0.220284281603	0.197292868050	0.218990037702	0.004420999447
10830.932900000000	-0.901215536524	0.411668807135	0.294422932149	0.224680893938	0.005482904666
10830.990599999999	-1.076251273503	0.258260736366	0.206103193844	0.231895694509	0.006932343832
10831.048199999999	-1.071476021809	0.082755741499	0.075790680950	0.237980244618	0.008853068411
10831.105799999999	-0.830837589602	0.268077635776	0.319546590723	0.249510417885	0.011363752872
10831.163399999999	-0.714987932882	0.307592320874	0.323806360105	0.259636517232	0.014651982093
10831.221100000001	-0.321090544220	0.363428399689	0.419367083038	0.265172292774	0.019022387811
10831.278700000001	0.010778630136	0.045826267768	0.108651731089	0.267706884133	0.024841581108
10831.336300000001	0.100517615214	0.206496124095	0.061291701284	0.266180535656	0.032475883468
10831.393899999999	-0.129059325010	-0.006543755012	-0.162510096336	0.258045758895	0.042133164991
10831.451499999999	0.052445703652	0.026949025602	0.001450342612	0.249733733568	0.053840221068
10831.509000000000	0.310853120798	0.371294102284	0.224563421549	0.243164800132	0.067459665125
10831.566600000000	0.165624760928	0.126516999884	0.004585930454	0.237625474179	0.082767900208
10831.624200000000	0.157299467582	0.099115667092	0.058372573416	0.232264250659	0.099256888569
10831.681800000000	0.286146705458	0.390505871697	0.391259733245	0.228600608010	0.116215862651
10831.739299999999	0.357282593063	0.153659733739	0.261080200855	0.226130629030	0.132714558121
10831.796899999999	0.346343473994	-0.002581397124	0.148764845152	0.223929837570	0.147754282569
10831.854400000000	-0.029392072039	0.283753540888	0.150379152058	0.222125503993	0.160204931499
10831.912000000000	-0.056605951894	0.311990980080	0.177875250006	0.220789443182	0.169214860701
10831.969499999999	0.083097394080	0.651826398045	0.327718159445	0.219316734324	0.174245230173
10832.027000000000	0.167590494991	0.541547637629	0.245754151487	0.217834656806	0.175314280805
10832.084600000000	0.078597881317	0.379720200278	0.115539006662	0.216598405456	0.172953180053
10832.142099999999	0.068586006575	0.123650624783	0.054753542634	0.215690621223	0.168214440832
10832.199600000000	0.258101070442	0.237086047273	0.273042099390	0.214714281133	0.162620301810
10832.257100000001	0.177866619829	0.170534340567	0.216302083626	0.214042410281	0.158200929315
10832.314600000000	0.034941704633	0.420654823012	0.206223356602	0.213167223994	0.157481367837
10832.372100000001	0.186109124462	0.483029758747	0.261697459423	0.212162054393	0.163354664367
10832.429599999999	0.186255202043	0.262616374184	0.143622767590	0.211492819828	0.178871907648
10832.487100000000	0.206623965921	0.130566650277	0.106073092097	0.210924998951	0.206974903984
10832.544599999999	0.387222850994	0.173869280024	0.208328690712	0.210393815669	0.250182742229
10832.602100000000	0.533844943438	0.291114715290	0.364085215415	0.209819460759	0.310228097424
10832.659500000000	0.370782411699	0.578672393477	0.420936253827	0.209490524033	0.387527792335
10832.717000000001	0.509270409788	0.528910905560	0.466177669568	0.209316527033	0.481450257974
10832.774500000000	0.558187016676	0.647007613095	0.574820990562	0.209363244213	0.589251738755
10832.831899999999	0.587947057967	0.761110337880	0.622283042741	0.209699210703	0.706315558395
10832.889400000000	0.793251027745	1.002024725840	0.862371156312	0.210016358807	0.827093203248
10832.946800000000	0.854040258129	0.889115942888	0.868458844730	0.210494754760	0.944039009132
10833.004199999999	0.919584579403	1.090760454278	1.009052739068	0.210816074276	1.049562938774
10833.061700000000	0.778000927578	1.280700580941	1.082452876943	0.211243938497	1.136173240486
10833.119100000000	0.774678551991	1.382065987792	1.149397764977	0.211498786328	1.196909249187
10833.176500000000	0.908091861819	1.434158470484	1.181915061881	0.211876702706	1.227057520885
10833.233899999999	1.056313461279	1.587252113974	1.233592291039	0.212100403550	1.224102849430
10833.291300000001	0.915609583057	1.501501375744	1.136351379385	0.212057172548	1.188222933660
10833.348700000000	0.850559727089	1.293606814628	1.094558864779	0.211788647504	1.122256762954
10833.406100000000	0.845377216144	1.067365243801	1.013673560492	0.211434520701	1.031230749855
10833.463500000000	0.765825848775	1.051567865652	0.939982201548	0.210971415879	0.921705891249
10833.520900000000	0.717494400907	0.813069092589	0.763436501120	0.210490735223	0.801072403974
10833.578299999999	0.653595702617	0.510542538819	0.544369009915	0.210096539878	0.676757651318
10833.635600000000	0.662521434095	0.394482056894	0.532320967429	0.209724236359	0.555807414493
10833.692999999999	0.560616136938	0.285973192230	0.415737753599	0.209832009863	0.443400070002
10833.750400000001	0.340627670239	0.506302754139	0.384175446538	0.210292950874	0.343671223297
10833.807699999999	0.230067618896	0.591258097474	0.321394212544	0.211371698311	0.258933688516
10833.865100000001	0.249313991664	0.283652337012	0.119357298712	0.212923762002	0.189429104330
10833.922399999999	0.041271669277	0.295344178508	0.063266464068	0.214714049195	0.134695768887
10833.979799999999	0.076662473385	0.463432701026	0.226094435416	0.216930466482	0.092984764740
10834.037100000000	0.140310036711	0.420158610723	0.222158170742	0.219753693316	0.062382034730
10834.094400000000	0.324551942802	0.368339944602	0.309065354610	0.222659373681	0.040625543130
10834.151700000000	0.385108654364	0.404121354176	0.347608340571	0.225935360100	0.025673374085
10834.209000000001	0.300132643495	0.114630251962	0.192083351750	0.229097609636	0.015735040317
10834.266299999999	0.262903240885	0.159025431533	0.152559162725	0.231552629125	0.009350408023
10834.323600000000	0.022560385750	0.296696421503	0.098691435145	0.233426702070	0.005389355260
10834.380900000000	-0.041223278341	0.297001068173	0.006271090830	0.234376502490	0.003012917268
10834.438200000001	0.026187625030	0.298375181227	-0.030660259862	0.234244059193	0.001633266602
10834.495500000001	-0.135190720831	0.073897891339	-0.197070614055	0.233076915702	0.000858131587
10834.552799999999	-0.145385684066	0.026434004688	-0.154627122563	0.230917966055	0.000435974744
10834.610000000001	0.087983602431	-0.010303385763	-0.034299967327	0.227994261604	0.000213186186
10834.667299999999	0.092011870623	-0.149864670673	-0.066462790139	0.224970880291	0.000098499652
10834.724600000000	-0.148816248306	-0.357180041687	-0.299614137974	0.221991181801	0.000041157171
10834.781800000001	-0.177853905719	-0.013500417229	-0.174358036673	0.218872421538	0.000013186408
10834.839099999999	-0.162184396798	0.059101460908	-0.142956381922	0.216011711878	-0.000000220074
10834.896300000000	-0.192047375272	-0.040405964495	-0.190224351625	0.213553454063	-0.000006532448
10834.953500000000	-0.082738872824	-0.035307779299	-0.163375542912	0.211537046958	-0.000009485961
